header: 
  seq: 2
  stamp: 
    secs: 1735813692
    nsecs: 120172163
  frame_id: "map"
pose: 
  position: 
    x: 1.8417186737060547
    y: 6.316546440124512
    z: 0.0
  orientation: 
    x: 0.0
    y: 0.0
    z: 0.717878431076679
    w: 0.6961684840574771