header: 
  seq: 0
  stamp: 
    secs: 1739859454
    nsecs: 448963724
  frame_id: "map"
pose: 
  position: 
    x: 0.976022481918335
    y: 0.23428870737552643
    z: 0.0
  orientation: 
    x: 0.0
    y: 0.0
    z: -0.011681350628913541
    w: 0.9999317706961233