header: 
  seq: 12
  stamp: 
    secs: 1708253837
    nsecs: 830299317
  frame_id: "map"
pose: 
  position: 
    x: 5.036070823669434
    y: -0.5116558074951172
    z: 0.0
  orientation: 
    x: 0.0
    y: 0.0
    z: 0.18014290931391208
    w: 0.9836404486518027