header: 
  seq: 18
  stamp: 
    secs: 1709303915
    nsecs: 523968629
  frame_id: "map"
pose: 
  position: 
    x: 4.47986364364624
    y: 1.2829866409301758
    z: 0.0
  orientation: 
    x: 0.0
    y: 0.0
    z: 0.3077809288033751
    w: 0.951457250676525