header: 
  seq: 2
  stamp: 
    secs: 1713592500
    nsecs: 310542219
  frame_id: "map"
pose: 
  position: 
    x: -6.556368827819824
    y: -6.603229522705078
    z: 0.0
  orientation: 
    x: 0.0
    y: 0.0
    z: -0.9264032025521669
    w: 0.3765330082490629