header: 
  seq: 2
  stamp: 
    secs: 1747301841
    nsecs: 205473771
  frame_id: "map"
pose: 
  position: 
    x: 1.443232536315918
    y: -1.9067044258117676
    z: 0.0
  orientation: 
    x: 0.0
    y: 0.0
    z: -0.805821023376407
    w: 0.5921591663434757