header: 
  seq: 2
  stamp: 
    secs: 1733724644
    nsecs: 231043402
  frame_id: "map"
pose: 
  position: 
    x: 2.9756925106048584
    y: 3.052633285522461
    z: 0.0
  orientation: 
    x: 0.0
    y: 0.0
    z: 0.7048189207161029
    w: 0.7093872630662239