header: 
  seq: 5
  stamp: 
    secs: 1734685392
    nsecs: 532648969
  frame_id: "map"
pose: 
  position: 
    x: -0.1174900010228157
    y: 2.850616455078125
    z: 0.0
  orientation: 
    x: 0.0
    y: 0.0
    z: -0.4656232754386062
    w: 0.8849830311197068