header: 
  seq: 0
  stamp: 
    secs: 1734415653
    nsecs: 394392615
  frame_id: "map"
pose: 
  position: 
    x: 0.6906833052635193
    y: 4.732693195343018
    z: 0.0
  orientation: 
    x: 0.0
    y: 0.0
    z: 0.7204035036527836
    w: 0.6935551830422679