header: 
  seq: 2
  stamp: 
    secs: 1734600272
    nsecs: 531821835
  frame_id: "map"
pose: 
  position: 
    x: -4.7347307205200195
    y: 9.055377006530762
    z: 0.0
  orientation: 
    x: 0.0
    y: 0.0
    z: 0.8658300278682385
    w: 0.5003382484296851