header: 
  seq: 2
  stamp: 
    secs: 1712826122
    nsecs: 639132470
  frame_id: "map"
pose: 
  position: 
    x: -3.6764333248138428
    y: 0.33148622512817383
    z: 0.0
  orientation: 
    x: 0.0
    y: 0.0
    z: -0.09327647418396962
    w: 0.9956402459542338