header: 
  seq: 4
  stamp: 
    secs: 1733724778
    nsecs: 616882620
  frame_id: "map"
pose: 
  position: 
    x: 0.8455943465232849
    y: 7.446920871734619
    z: 0.0
  orientation: 
    x: 0.0
    y: 0.0
    z: 0.999992788647908
    w: 0.003797716706201683