header: 
  seq: 1
  stamp: 
    secs: 1733724585
    nsecs: 103180367
  frame_id: "map"
pose: 
  position: 
    x: 0.7271145582199097
    y: 0.19195418059825897
    z: 0.0
  orientation: 
    x: 0.0
    y: 0.0
    z: -0.015050612225774595
    w: 0.9998867331211218