header: 
  seq: 1
  stamp: 
    secs: 1711956284
    nsecs: 449373848
  frame_id: "map"
pose: 
  position: 
    x: -4.816229820251465
    y: 2.5010242462158203
    z: 0.0
  orientation: 
    x: 0.0
    y: 0.0
    z: -0.0260124217555653
    w: 0.9996616197065938