header: 
  seq: 3
  stamp: 
    secs: 1707974237
    nsecs: 772345874
  frame_id: "map"
pose: 
  position: 
    x: 4.788190841674805
    y: -1.0754008293151855
    z: 0.0
  orientation: 
    x: 0.0
    y: 0.0
    z: -0.029156698460725123
    w: 0.9995748530924887