header: 
  seq: 2
  stamp: 
    secs: 1711602150
    nsecs: 406258122
  frame_id: "map"
pose: 
  position: 
    x: 3.4378976821899414
    y: -3.471992015838623
    z: 0.0
  orientation: 
    x: 0.0
    y: 0.0
    z: 0.9992681641189148
    w: 0.038250963104391224