header: 
  seq: 2
  stamp: 
    secs: 1739859568
    nsecs: 202919957
  frame_id: "map"
pose: 
  position: 
    x: -5.037596702575684
    y: 2.06270170211792
    z: 0.0
  orientation: 
    x: 0.0
    y: 0.0
    z: -0.9972325844389436
    w: 0.0743449563401929