header: 
  seq: 2
  stamp: 
    secs: 1708149803
    nsecs: 486042107
  frame_id: "map"
pose: 
  position: 
    x: 4.545788764953613
    y: -0.8003807067871094
    z: 0.0
  orientation: 
    x: 0.0
    y: 0.0
    z: 0.19234788326475255
    w: 0.9813268017350637