header: 
  seq: 1
  stamp: 
    secs: 1711097205
    nsecs: 984952605
  frame_id: "map"
pose: 
  position: 
    x: -0.9567012786865234
    y: -7.254672050476074
    z: 0.0
  orientation: 
    x: 0.0
    y: 0.0
    z: -0.7190272743846725
    w: 0.6949818549364788