header: 
  seq: 1
  stamp: 
    secs: 1747289482
    nsecs: 376066326
  frame_id: "map"
pose: 
  position: 
    x: 0.04458082467317581
    y: -5.926277160644531
    z: 0.0
  orientation: 
    x: 0.0
    y: 0.0
    z: -0.8224326426487798
    w: 0.5688625038669225