header: 
  seq: 1
  stamp: 
    secs: 1711602094
    nsecs: 640121542
  frame_id: "map"
pose: 
  position: 
    x: 3.7700071334838867
    y: -0.07291412353515625
    z: 0.0
  orientation: 
    x: 0.0
    y: 0.0
    z: -0.729620909950834
    w: 0.6838518317314921