header: 
  seq: 1
  stamp: 
    secs: 1709459740
    nsecs:  72929712
  frame_id: "map"
pose: 
  position: 
    x: 0.09493912756443024
    y: -0.8078386783599854
    z: 0.0
  orientation: 
    x: 0.0
    y: 0.0
    z: -0.7074776337370062
    w: 0.7067357340349266