header: 
  seq: 0
  stamp: 
    secs: 1747301641
    nsecs: 213625765
  frame_id: "map"
pose: 
  position: 
    x: 3.7597808837890625
    y: 0.1955108642578125
    z: 0.0
  orientation: 
    x: 0.0
    y: 0.0
    z: -0.9444361362989073
    w: 0.3286949717485677