header: 
  seq: 2
  stamp: 
    secs: 1711097235
    nsecs: 852171855
  frame_id: "map"
pose: 
  position: 
    x: -0.975753128528595
    y: -7.400477409362793
    z: 0.0
  orientation: 
    x: 0.0
    y: 0.0
    z: -0.45370003896134
    w: 0.891154461721692