header: 
  seq: 13
  stamp: 
    secs: 1708254011
    nsecs: 335134466
  frame_id: "map"
pose: 
  position: 
    x: -1.9332389831542969
    y: -1.9982833862304688
    z: 0.0
  orientation: 
    x: 0.0
    y: 0.0
    z: 0.12592230240494964
    w: 0.9920401069296727