header: 
  seq: 3
  stamp: 
    secs: 1707978045
    nsecs: 547638184
  frame_id: "map"
pose: 
  position: 
    x: -0.5290689468383789
    y: -0.2803473472595215
    z: 0.0
  orientation: 
    x: 0.0
    y: 0.0
    z: 0.005395532483452134
    w: 0.9999854440086716