header: 
  seq: 3
  stamp: 
    secs: 1711097681
    nsecs: 990944415
  frame_id: "map"
pose: 
  position: 
    x: -0.4365081787109375
    y: 0.9907164573669434
    z: 0.0
  orientation: 
    x: 0.0
    y: 0.0
    z: -0.9999926320703362
    w: 0.0038387244028793375