header: 
  seq: 3
  stamp: 
    secs: 1711602181
    nsecs: 980304227
  frame_id: "map"
pose: 
  position: 
    x: -0.9045562744140625
    y: -3.043102741241455
    z: 0.0
  orientation: 
    x: 0.0
    y: 0.0
    z: 0.6988477898155341
    w: 0.7152704150668774