header: 
  seq: 3
  stamp: 
    secs: 1708149839
    nsecs: 651150658
  frame_id: "map"
pose: 
  position: 
    x: -0.8306388854980469
    y: -1.7366142272949219
    z: 0.0
  orientation: 
    x: 0.0
    y: 0.0
    z: 0.16598734675596907
    w: 0.9861278825370032