header: 
  seq: 4
  stamp: 
    secs: 1744275721
    nsecs: 547944075
  frame_id: "map"
pose: 
  pose: 
    position: 
      x: -1.88793809986
      y: 0.937388450074
      z: 0.0
    orientation: 
      x: 0.0
      y: 0.0
      z: 0.729646279872
      w: 0.683824762837
  covariance: [0.018014482165877865, 0.0023313799988489148, 0.0, 0.0, 0.0, 0.0, 0.0023313799988489148, 0.02950811688316568, 0.0, 0.0, 0.0, 0.0, 0.0, 0.0, 0.0, 0.0, 0.0, 0.0, 0.0, 0.0, 0.0, 0.0, 0.0, 0.0, 0.0, 0.0, 0.0, 0.0, 0.0, 0.0, 0.0, 0.0, 0.0, 0.0, 0.0, 0.008179159833206408]