header: 
  seq: 58
  stamp: 
    secs: 1741848378
    nsecs: 518770916
  frame_id: "map"
pose: 
  pose: 
    position: 
      x: -6.33596492958
      y: -0.386246842154
      z: 0.0
    orientation: 
      x: 0.0
      y: 0.0
      z: -0.886669129381
      w: 0.462404427965
  covariance: [0.004240143968260668, 0.0005688688854301738, 0.0, 0.0, 0.0, 0.0, 0.0005688688854301738, 0.00819772707715366, 0.0, 0.0, 0.0, 0.0, 0.0, 0.0, 0.0, 0.0, 0.0, 0.0, 0.0, 0.0, 0.0, 0.0, 0.0, 0.0, 0.0, 0.0, 0.0, 0.0, 0.0, 0.0, 0.0, 0.0, 0.0, 0.0, 0.0, 0.010089060960295906]