header: 
  seq: 1037
  stamp: 
    secs: 1742553130
    nsecs: 582172727
  frame_id: "map"
pose: 
  pose: 
    position: 
      x: -5.46924758658
      y: 2.2982960193
      z: 0.0
    orientation: 
      x: 0.0
      y: 0.0
      z: -0.997836003152
      w: 0.0657518882949
  covariance: [0.03341737079956175, -0.007006398331526498, 0.0, 0.0, 0.0, 0.0, -0.007006398331526498, 0.028686037504923156, 0.0, 0.0, 0.0, 0.0, 0.0, 0.0, 0.0, 0.0, 0.0, 0.0, 0.0, 0.0, 0.0, 0.0, 0.0, 0.0, 0.0, 0.0, 0.0, 0.0, 0.0, 0.0, 0.0, 0.0, 0.0, 0.0, 0.0, 0.012459022799077396]