header: 
  seq: 11
  stamp: 
    secs: 1741156429
    nsecs: 890704333
  frame_id: "map"
pose: 
  pose: 
    position: 
      x: -6.52401590321
      y: 2.78675311437
      z: 0.0
    orientation: 
      x: 0.0
      y: 0.0
      z: -0.018145173656
      w: 0.999835362784
  covariance: [0.04086568305241656, -0.003893358234233091, 0.0, 0.0, 0.0, 0.0, -0.0038933582342366435, 0.0036689745870841506, 0.0, 0.0, 0.0, 0.0, 0.0, 0.0, 0.0, 0.0, 0.0, 0.0, 0.0, 0.0, 0.0, 0.0, 0.0, 0.0, 0.0, 0.0, 0.0, 0.0, 0.0, 0.0, 0.0, 0.0, 0.0, 0.0, 0.0, 0.005713786142590197]