header: 
  seq: 161
  stamp: 
    secs: 1741769042
    nsecs: 522220786
  frame_id: "map"
pose: 
  pose: 
    position: 
      x: -6.37533557432
      y: -0.364338808777
      z: 0.0
    orientation: 
      x: 0.0
      y: 0.0
      z: -0.973258969076
      w: 0.229710642141
  covariance: [0.01969436060519314, 0.0051417560851798605, 0.0, 0.0, 0.0, 0.0, 0.0051417560851798605, 0.0202503453297678, 0.0, 0.0, 0.0, 0.0, 0.0, 0.0, 0.0, 0.0, 0.0, 0.0, 0.0, 0.0, 0.0, 0.0, 0.0, 0.0, 0.0, 0.0, 0.0, 0.0, 0.0, 0.0, 0.0, 0.0, 0.0, 0.0, 0.0, 0.0062879438261545075]