header: 
  seq: 19
  stamp: 
    secs: 1741157783
    nsecs: 374104488
  frame_id: "map"
pose: 
  pose: 
    position: 
      x: -8.0969090013
      y: 3.19867978252
      z: 0.0
    orientation: 
      x: 0.0
      y: 0.0
      z: 0.970241591416
      w: 0.242138915265
  covariance: [0.03277259709960845, -0.0031674464286375326, 0.0, 0.0, 0.0, 0.0, -0.0031674464286375326, 0.008996485027358503, 0.0, 0.0, 0.0, 0.0, 0.0, 0.0, 0.0, 0.0, 0.0, 0.0, 0.0, 0.0, 0.0, 0.0, 0.0, 0.0, 0.0, 0.0, 0.0, 0.0, 0.0, 0.0, 0.0, 0.0, 0.0, 0.0, 0.0, 0.006769180748536957]