header: 
  seq: 7
  stamp: 
    secs: 1744885048
    nsecs: 967052021
  frame_id: "map"
pose: 
  pose: 
    position: 
      x: -0.517940958455
      y: 6.1171288943
      z: 0.0
    orientation: 
      x: 0.0
      y: 0.0
      z: 0.709632020777
      w: 0.70457249101
  covariance: [0.01255854056402933, 0.0018174802975448046, 0.0, 0.0, 0.0, 0.0, 0.0018174802975448046, 0.017244634137171033, 0.0, 0.0, 0.0, 0.0, 0.0, 0.0, 0.0, 0.0, 0.0, 0.0, 0.0, 0.0, 0.0, 0.0, 0.0, 0.0, 0.0, 0.0, 0.0, 0.0, 0.0, 0.0, 0.0, 0.0, 0.0, 0.0, 0.0, 0.005180005795663587]