header: 
  seq: 148
  stamp: 
    secs: 1741167473
    nsecs: 500954475
  frame_id: "map"
pose: 
  pose: 
    position: 
      x: -3.46524480966
      y: 6.17360598675
      z: 0.0
    orientation: 
      x: 0.0
      y: 0.0
      z: 0.457064881225
      w: 0.889433355767
  covariance: [0.014158564619739522, -0.008758152329534141, 0.0, 0.0, 0.0, 0.0, -0.008758152329530589, 0.02385062652736991, 0.0, 0.0, 0.0, 0.0, 0.0, 0.0, 0.0, 0.0, 0.0, 0.0, 0.0, 0.0, 0.0, 0.0, 0.0, 0.0, 0.0, 0.0, 0.0, 0.0, 0.0, 0.0, 0.0, 0.0, 0.0, 0.0, 0.0, 0.005145251653741705]