header: 
  seq: 2
  stamp: 
    secs: 1741066311
    nsecs: 114468891
  frame_id: "map"
pose: 
  pose: 
    position: 
      x: -6.76855775599
      y: 2.82980446992
      z: 0.0
    orientation: 
      x: 0.0
      y: 0.0
      z: -0.0174068121298
      w: 0.999848489968
  covariance: [0.01771865621822144, -0.00018134893985077838, 0.0, 0.0, 0.0, 0.0, -0.0001813489398543311, 0.0040202013274921455, 0.0, 0.0, 0.0, 0.0, 0.0, 0.0, 0.0, 0.0, 0.0, 0.0, 0.0, 0.0, 0.0, 0.0, 0.0, 0.0, 0.0, 0.0, 0.0, 0.0, 0.0, 0.0, 0.0, 0.0, 0.0, 0.0, 0.0, 0.0009171495684167344]