header: 
  seq: 3147
  stamp: 
    secs: 1747308329
    nsecs: 775143018
  frame_id: "map"
pose: 
  pose: 
    position: 
      x: 0.427228163266
      y: -4.91619920841
      z: 0.0
    orientation: 
      x: 0.0
      y: 0.0
      z: -0.827118488242
      w: 0.562027585095
  covariance: [0.033546235795133245, 0.0041241125280993, 0.0, 0.0, 0.0, 0.0, 0.0041241125280993, 0.032159984838642686, 0.0, 0.0, 0.0, 0.0, 0.0, 0.0, 0.0, 0.0, 0.0, 0.0, 0.0, 0.0, 0.0, 0.0, 0.0, 0.0, 0.0, 0.0, 0.0, 0.0, 0.0, 0.0, 0.0, 0.0, 0.0, 0.0, 0.0, 0.00939863239395885]